Datos originales:
436    M_030_A_XV    14.0  1983    3   13
948    M_030_A_XV     6.0  1984    8    6
1208   M_030_A_XV     6.0  1985    4   23
1481   M_030_A_XV     7.0  1986    1   21
2280   M_030_A_XV     3.0  1988    3   30
3250   M_030_A_XV     5.0  1990   11   25
3359   M_030_A_XV     4.0  1991    3   14
4027   M_030_A_XV    15.0  1993    1   10
4753   M_030_A_XV    10.0  1995    1    6
5129   M_030_A_XV     2.0  1996    4   17
6353   M_030_A_XV     6.0  1999   12   23
6360   M_030_A_XV     7.0  1999   12   30
7155   M_030_A_XV     5.0  2002    3    4
7840   M_030_A_XV     1.5  2004    1   18
8287   M_030_A_XV     1.0  2005    4    9

Hot-Deck:


