Datos originales:
6362   M_030_A_XV     2.0  2000    1    1
6363   M_030_A_XV     8.0  2000    1    2
6364   M_030_A_XV     0.0  2000    1    3
6365   M_030_A_XV     0.0  2000    1    4
6366   M_030_A_XV     4.0  2000    1    5
6367   M_030_A_XV     0.0  2000    1    6
6368   M_030_A_XV     2.0  2000    1    7
6369   M_030_A_XV    15.0  2000    1    8
6370   M_030_A_XV     9.0  2000    1    9
6371   M_030_A_XV     0.0  2000    1   10
6372   M_030_A_XV     7.0  2000    1   11
6373   M_030_A_XV     6.0  2000    1   12
6374   M_030_A_XV     2.0  2000    1   13
6375   M_030_A_XV     0.0  2000    1   14
6376   M_030_A_XV     4.0  2000    1   15

RN:
6362   M_030_A_XV  -6.083087  2000    1    1
6363   M_030_A_XV  -2.639232  2000    1    2
6364   M_030_A_XV   2.268878  2000    1    3
6365   M_030_A_XV  -2.248383  2000    1    4
6366   M_030_A_XV  -0.787456  2000    1    5
6367   M_030_A_XV   1.995801  2000    1    6
6368   M_030_A_XV  -2.823137  2000    1    7
6369   M_030_A_XV  -3.636292  2000    1    8
6370   M_030_A_XV  -0.384133  2000    1    9
6371   M_030_A_XV   1.361696  2000    1   10
6372   M_030_A_XV  -0.124093  2000    1   11
6373   M_030_A_XV  -0.068316  2000    1   12
6374   M_030_A_XV  -4.117772  2000    1   13
6375   M_030_A_XV  -4.636562  2000    1   14
6376   M_030_A_XV   4.589955  2000    1   15

KNNI:
6362   M_030_A_XV   1.200000  2000    1    1
6363   M_030_A_XV   1.266667  2000    1    2
6364   M_030_A_XV   0.000000  2000    1    3
6365   M_030_A_XV   0.000000  2000    1    4
6366   M_030_A_XV   0.666667  2000    1    5
6367   M_030_A_XV   2.733333  2000    1    6
6368   M_030_A_XV   1.033333  2000    1    7
6369   M_030_A_XV   0.333333  2000    1    8
6370   M_030_A_XV   6.000000  2000    1    9
6371   M_030_A_XV  11.533333  2000    1   10
6372   M_030_A_XV   2.000000  2000    1   11
6373   M_030_A_XV   3.333333  2000    1   12
6374   M_030_A_XV   2.000000  2000    1   13
6375   M_030_A_XV   0.200000  2000    1   14
6376   M_030_A_XV   2.366667  2000    1   15

WKNNI:
6362   M_030_A_XV  1.558845e-06  2000    1    1
6363   M_030_A_XV  1.645448e-06  2000    1    2
6364   M_030_A_XV  0.000000e+00  2000    1    3
6365   M_030_A_XV  0.000000e+00  2000    1    4
6366   M_030_A_XV  9.999996e-01  2000    1    5
6367   M_030_A_XV  1.000002e+00  2000    1    6
6368   M_030_A_XV  1.499999e+00  2000    1    7
6369   M_030_A_XV  4.999998e-01  2000    1    8
6370   M_030_A_XV  8.999996e+00  2000    1    9
6371   M_030_A_XV  5.500008e+00  2000    1   10
6372   M_030_A_XV  2.999999e+00  2000    1   11
6373   M_030_A_XV  4.999998e+00  2000    1   12
6374   M_030_A_XV  2.999999e+00  2000    1   13
6375   M_030_A_XV  2.598075e-07  2000    1   14
6376   M_030_A_XV  1.000002e+00  2000    1   15

Hot-Deck:
6362   M_030_A_XV     0.0  2000    1    1
6363   M_030_A_XV     0.0  2000    1    2
6364   M_030_A_XV     0.0  2000    1    3
6365   M_030_A_XV     0.0  2000    1    4
6366   M_030_A_XV     1.0  2000    1    5
6367   M_030_A_XV     2.0  2000    1    6
6368   M_030_A_XV     2.0  2000    1    7
6369   M_030_A_XV     0.0  2000    1    8
6370   M_030_A_XV     8.0  2000    1    9
6371   M_030_A_XV     5.0  2000    1   10
6372   M_030_A_XV     2.0  2000    1   11
6373   M_030_A_XV     2.0  2000    1   12
6374   M_030_A_XV     2.0  2000    1   13
6375   M_030_A_XV     0.0  2000    1   14
6376   M_030_A_XV     2.0  2000    1   15

IDW:
6362   M_030_A_XV   1.441326  2000    1    1
6363   M_030_A_XV   1.474032  2000    1    2
6364   M_030_A_XV   1.508385  2000    1    3
6365   M_030_A_XV   1.481486  2000    1    4
6366   M_030_A_XV   1.439310  2000    1    5
6367   M_030_A_XV   1.405576  2000    1    6
6368   M_030_A_XV   1.373133  2000    1    7
6369   M_030_A_XV   1.419860  2000    1    8
6370   M_030_A_XV   1.469103  2000    1    9
6371   M_030_A_XV   1.590523  2000    1   10
6372   M_030_A_XV   1.598591  2000    1   11
6373   M_030_A_XV   1.512523  2000    1   12
6374   M_030_A_XV   1.521107  2000    1   13
6375   M_030_A_XV   1.518870  2000    1   14
6376   M_030_A_XV   1.460791  2000    1   15

Reanalisis:
6362   M_030_A_XV   0.746689  2000    1    1
6363   M_030_A_XV   7.552355  2000    1    2
6364   M_030_A_XV   9.770773  2000    1    3
6365   M_030_A_XV   0.470303  2000    1    4
6366   M_030_A_XV   0.799390  2000    1    5
6367   M_030_A_XV   9.736885  2000    1    6
6368   M_030_A_XV  12.062085  2000    1    7
6369   M_030_A_XV  10.559164  2000    1    8
6370   M_030_A_XV  13.922250  2000    1    9
6371   M_030_A_XV   5.882350  2000    1   10
6372   M_030_A_XV   3.401869  2000    1   11
6373   M_030_A_XV   8.481872  2000    1   12
6374   M_030_A_XV   7.115730  2000    1   13
6375   M_030_A_XV   5.388958  2000    1   14
6376   M_030_A_XV   3.744588  2000    1   15